0.000000 0.240000 
0.000001 0.200000 
0.000001 0.280000 
0.000002 0.240000 
0.000002 0.240000 
0.000002 0.240000 
0.000003 0.280000 
0.000003 0.280000 
0.000004 0.280000 
0.000004 0.240000 
0.000004 0.320000 
0.000005 0.320000 
0.000005 0.280000 
0.000006 0.320000 
0.000006 0.280000 
0.000006 0.360000 
0.000007 0.360000 
0.000007 0.320000 
0.000008 0.320000 
0.000008 0.320000 
0.000008 0.360000 
0.000009 0.320000 
0.000009 0.320000 
0.000010 0.360000 
0.000010 0.320000 
0.000010 0.360000 
0.000011 0.400000 
0.000011 0.400000 
0.000012 0.400000 
0.000012 0.360000 
0.000012 0.440000 
0.000013 0.400000 
0.000013 0.400000 
0.000014 0.400000 
0.000014 0.400000 
0.000014 0.400000 
0.000015 0.360000 
0.000015 0.480000 
0.000016 0.400000 
0.000016 0.440000 
0.000016 0.400000 
0.000017 0.440000 
0.000017 0.400000 
0.000018 0.440000 
0.000018 0.520000 
0.000018 0.440000 
0.000019 0.480000 
0.000019 0.440000 
0.000020 0.520000 
0.000020 0.480000 
0.000020 0.520000 
0.000021 0.520000 
0.000021 0.520000 
0.000022 0.520000 
0.000022 0.520000 
0.000022 0.520000 
0.000023 0.520000 
0.000023 0.520000 
0.000024 0.520000 
0.000024 0.520000 
0.000024 0.520000 
0.000025 0.560000 
0.000025 0.520000 
0.000026 0.560000 
0.000026 0.560000 
0.000026 0.520000 
0.000027 0.600000 
0.000027 0.480000 
0.000028 0.560000 
0.000028 0.560000 
0.000028 0.520000 
0.000029 0.600000 
0.000029 0.600000 
0.000030 0.560000 
0.000030 0.600000 
0.000030 0.600000 
0.000031 0.560000 
0.000031 0.640000 
0.000032 0.640000 
0.000032 0.600000 
0.000032 0.640000 
0.000033 0.640000 
0.000033 0.640000 
0.000034 0.600000 
0.000034 0.640000 
0.000034 0.680000 
0.000035 0.640000 
0.000035 0.640000 
0.000036 0.680000 
0.000036 0.680000 
0.000036 0.680000 
0.000037 0.680000 
0.000037 0.680000 
0.000038 0.680000 
0.000038 0.720000 
0.000038 0.680000 
0.000039 0.720000 
0.000039 0.720000 
0.000040 0.760000 
0.000040 0.720000 
0.000040 0.720000 
0.000041 0.720000 
0.000041 0.720000 
0.000042 0.760000 
0.000042 0.720000 
0.000042 0.760000 
0.000043 0.760000 
0.000043 0.760000 
0.000044 0.760000 
0.000044 0.760000 
0.000044 0.720000 
0.000045 0.800000 
0.000045 0.760000 
0.000046 0.760000 
0.000046 0.840000 
0.000046 0.800000 
0.000047 0.840000 
0.000047 0.800000 
0.000048 0.760000 
0.000048 0.800000 
0.000048 0.840000 
0.000049 0.840000 
0.000049 0.840000 
0.000050 0.800000 
0.000050 0.840000 
0.000050 0.880000 
0.000051 0.840000 
0.000051 0.880000 
0.000052 0.880000 
0.000052 0.880000 
0.000052 0.880000 
0.000053 0.880000 
0.000053 0.920000 
0.000054 0.880000 
0.000054 0.880000 
0.000054 0.840000 
0.000055 0.880000 
0.000055 0.920000 
0.000056 0.920000 
0.000056 0.920000 
0.000056 0.920000 
0.000057 0.920000 
0.000057 0.920000 
0.000058 1.000000 
0.000058 0.960000 
0.000058 0.960000 
0.000059 0.960000 
0.000059 1.000000 
0.000060 0.920000 
0.000060 0.960000 
0.000060 1.000000 
0.000061 0.960000 
0.000061 0.960000 
0.000062 0.960000 
0.000062 0.960000 
0.000062 1.000000 
0.000063 1.000000 
0.000063 1.000000 
0.000064 1.000000 
0.000064 1.040000 
0.000064 1.080000 
0.000065 1.000000 
0.000065 1.040000 
0.000066 1.040000 
0.000066 1.080000 
0.000066 1.000000 
0.000067 1.040000 
0.000067 1.040000 
0.000068 1.080000 
0.000068 1.000000 
0.000068 1.080000 
0.000069 1.040000 
0.000069 1.040000 
0.000070 1.120000 
0.000070 1.040000 
0.000070 1.120000 
0.000071 1.120000 
0.000071 1.040000 
0.000072 1.080000 
0.000072 1.120000 
0.000072 1.120000 
0.000073 1.080000 
0.000073 1.080000 
0.000074 1.160000 
0.000074 1.080000 
0.000074 1.120000 
0.000075 1.160000 
0.000075 1.160000 
0.000076 1.120000 
0.000076 1.200000 
0.000076 1.160000 
0.000077 1.200000 
0.000077 1.240000 
0.000078 1.240000 
0.000078 1.120000 
0.000078 1.200000 
0.000079 1.160000 
0.000079 1.200000 
0.000080 1.240000 
0.000080 1.160000 
0.000080 1.160000 
0.000081 1.240000 
0.000081 1.240000 
0.000082 1.160000 
0.000082 1.160000 
0.000082 1.200000 
0.000083 1.200000 
0.000083 1.240000 
0.000084 1.240000 
0.000084 1.240000 
0.000084 1.240000 
0.000085 1.240000 
0.000085 1.200000 
0.000086 1.160000 
0.000086 1.280000 
0.000086 1.240000 
0.000087 1.240000 
0.000087 1.280000 
0.000088 1.240000 
0.000088 1.280000 
0.000088 1.280000 
0.000089 1.280000 
0.000089 1.240000 
0.000090 1.280000 
0.000090 1.320000 
0.000090 1.320000 
0.000091 1.280000 
0.000091 1.280000 
0.000092 1.240000 
0.000092 1.280000 
0.000092 1.320000 
0.000093 1.320000 
0.000093 1.280000 
0.000094 1.360000 
0.000094 1.320000 
0.000094 1.360000 
0.000095 1.360000 
0.000095 1.320000 
0.000096 1.360000 
0.000096 1.360000 
0.000096 1.360000 
0.000097 1.320000 
0.000097 1.360000 
0.000098 1.320000 
0.000098 1.360000 
0.000098 1.360000 
0.000099 1.360000 
0.000099 1.400000 
0.000100 1.360000 
0.000100 1.360000 
0.000100 1.360000 
0.000101 1.400000 
0.000101 1.440000 
0.000102 1.400000 
0.000102 1.440000 
0.000102 1.400000 
0.000103 1.360000 
0.000103 1.360000 
0.000104 1.440000 
0.000104 1.440000 
0.000104 1.440000 
0.000105 1.440000 
0.000105 1.440000 
0.000106 1.440000 
0.000106 1.440000 
0.000106 1.400000 
0.000107 1.480000 
0.000107 1.440000 
0.000108 1.440000 
0.000108 1.480000 
0.000108 1.520000 
0.000109 1.480000 
0.000109 1.480000 
0.000110 1.480000 
0.000110 1.440000 
0.000110 1.520000 
0.000111 1.480000 
0.000111 1.480000 
0.000112 1.520000 
0.000112 1.480000 
0.000112 1.520000 
0.000113 1.560000 
0.000113 1.520000 
0.000114 1.520000 
0.000114 1.480000 
0.000114 1.520000 
0.000115 1.560000 
0.000115 1.520000 
0.000116 1.520000 
0.000116 1.520000 
0.000116 1.560000 
0.000117 1.600000 
0.000117 1.560000 
0.000118 1.560000 
0.000118 1.560000 
0.000118 1.560000 
0.000119 1.560000 
0.000119 1.600000 
0.000120 1.640000 
0.000120 1.560000 
0.000120 1.600000 
0.000121 1.560000 
0.000121 1.560000 
0.000122 1.600000 
0.000122 1.600000 
0.000122 1.560000 
0.000123 1.600000 
0.000123 1.600000 
0.000124 1.640000 
0.000124 1.600000 
0.000124 1.600000 
0.000125 1.640000 
0.000125 1.640000 
0.000126 1.640000 
0.000126 1.640000 
0.000126 1.640000 
0.000127 1.640000 
0.000127 1.640000 
0.000128 1.560000 
0.000128 1.680000 
0.000128 1.640000 
0.000129 1.640000 
0.000129 1.680000 
0.000130 1.600000 
0.000130 1.680000 
0.000130 1.680000 
0.000131 1.640000 
0.000131 1.720000 
0.000132 1.680000 
0.000132 1.720000 
0.000132 1.680000 
0.000133 1.720000 
0.000133 1.680000 
0.000134 1.720000 
0.000134 1.680000 
0.000134 1.680000 
0.000135 1.640000 
0.000135 1.720000 
0.000136 1.680000 
0.000136 1.720000 
0.000136 1.680000 
0.000137 1.680000 
0.000137 1.720000 
0.000138 1.720000 
0.000138 1.760000 
0.000138 1.680000 
0.000139 1.720000 
0.000139 1.720000 
0.000140 1.720000 
0.000140 1.720000 
0.000140 1.680000 
0.000141 1.720000 
0.000141 1.720000 
0.000142 1.760000 
0.000142 1.800000 
0.000142 1.760000 
0.000143 1.760000 
0.000143 1.720000 
0.000144 1.760000 
0.000144 1.720000 
0.000144 1.800000 
0.000145 1.800000 
0.000145 1.800000 
0.000146 1.720000 
0.000146 1.800000 
0.000146 1.840000 
0.000147 1.840000 
0.000147 1.840000 
0.000148 1.800000 
0.000148 1.800000 
0.000148 1.800000 
0.000149 1.800000 
0.000149 1.800000 
0.000150 1.760000 
0.000150 1.800000 
0.000150 1.800000 
0.000151 1.840000 
0.000151 1.800000 
0.000152 1.800000 
0.000152 1.840000 
0.000152 1.840000 
0.000153 1.800000 
0.000153 1.840000 
0.000154 1.880000 
0.000154 1.840000 
0.000154 1.840000 
0.000155 1.800000 
0.000155 1.840000 
0.000156 1.880000 
0.000156 1.800000 
0.000156 1.840000 
0.000157 1.880000 
0.000157 1.840000 
0.000158 1.840000 
0.000158 1.880000 
0.000158 1.840000 
0.000159 1.920000 
0.000159 1.880000 
0.000160 1.880000 
0.000160 1.880000 
0.000160 1.920000 
0.000161 1.880000 
0.000161 1.880000 
0.000162 1.920000 
0.000162 1.840000 
0.000162 1.920000 
0.000163 1.920000 
0.000163 1.920000 
0.000164 1.840000 
0.000164 1.920000 
0.000164 1.920000 
0.000165 1.960000 
0.000165 1.880000 
0.000166 1.920000 
0.000166 1.920000 
0.000166 1.920000 
0.000167 1.880000 
0.000167 1.920000 
0.000168 1.920000 
0.000168 1.960000 
0.000168 1.920000 
0.000169 1.920000 
0.000169 1.960000 
0.000170 1.920000 
0.000170 1.920000 
0.000170 1.920000 
0.000171 1.920000 
0.000171 1.960000 
0.000172 1.920000 
0.000172 1.920000 
0.000172 1.880000 
0.000173 1.920000 
0.000173 1.880000 
0.000174 1.920000 
0.000174 1.920000 
0.000174 2.000000 
0.000175 1.960000 
0.000175 2.000000 
0.000176 1.880000 
0.000176 1.920000 
0.000176 1.920000 
0.000177 1.960000 
0.000177 1.920000 
0.000178 1.920000 
0.000178 1.920000 
0.000178 1.960000 
0.000179 1.960000 
0.000179 1.960000 
0.000180 1.960000 
0.000180 1.960000 
0.000180 1.960000 
0.000181 1.960000 
0.000181 2.000000 
0.000182 1.960000 
0.000182 1.960000 
0.000182 2.000000 
0.000183 2.000000 
0.000183 1.960000 
0.000184 2.040000 
0.000184 2.000000 
0.000184 1.920000 
0.000185 2.000000 
0.000185 1.960000 
0.000186 1.960000 
0.000186 2.000000 
0.000186 2.000000 
0.000187 2.000000 
0.000187 1.960000 
0.000188 2.000000 
0.000188 1.960000 
0.000188 2.000000 
0.000189 2.000000 
0.000189 2.000000 
0.000190 2.040000 
0.000190 2.040000 
0.000190 2.000000 
0.000191 2.000000 
0.000191 2.080000 
0.000192 2.000000 
0.000192 2.000000 
0.000192 2.000000 
0.000193 2.000000 
0.000193 2.000000 
0.000194 2.000000 
0.000194 2.000000 
0.000194 2.000000 
0.000195 2.040000 
0.000195 2.040000 
0.000196 2.000000 
0.000196 2.040000 
0.000196 2.040000 
0.000197 2.080000 
0.000197 2.040000 
0.000198 2.040000 
0.000198 2.080000 
0.000198 2.000000 
0.000199 2.040000 
0.000199 2.040000 
0.000200 2.040000 
0.000200 2.000000 
0.000200 2.040000 
0.000201 2.080000 
0.000201 2.040000 
0.000202 2.040000 
0.000202 2.040000 
0.000202 2.040000 
0.000203 2.040000 
0.000203 2.080000 
0.000204 2.080000 
0.000204 2.040000 
0.000204 2.120000 
0.000205 2.000000 
0.000205 2.040000 
0.000206 2.080000 
0.000206 2.040000 
0.000206 2.080000 
0.000207 2.080000 
0.000207 2.080000 
0.000208 2.080000 
0.000208 2.080000 
0.000208 2.080000 
0.000209 2.120000 
0.000209 2.040000 
0.000210 2.040000 
0.000210 2.120000 
0.000210 2.080000 
0.000211 2.040000 
0.000211 2.080000 
0.000212 2.080000 
0.000212 2.120000 
0.000212 2.040000 
0.000213 2.040000 
0.000213 2.120000 
0.000214 2.000000 
0.000214 2.080000 
0.000214 2.080000 
0.000215 2.120000 
0.000215 2.120000 
0.000216 2.080000 
0.000216 2.120000 
0.000216 2.120000 
0.000217 2.080000 
0.000217 2.120000 
0.000218 2.120000 
0.000218 2.080000 
0.000218 2.120000 
0.000219 2.120000 
0.000219 2.080000 
0.000220 2.080000 
0.000220 2.080000 
0.000220 2.120000 
0.000221 2.080000 
0.000221 2.080000 
0.000222 2.120000 
0.000222 2.080000 
0.000222 2.080000 
0.000223 2.080000 
0.000223 2.120000 
0.000224 2.120000 
0.000224 2.160000 
0.000224 2.120000 
0.000225 2.040000 
0.000225 2.120000 
0.000226 2.080000 
0.000226 2.120000 
0.000226 2.120000 
0.000227 2.120000 
0.000227 2.080000 
0.000228 2.120000 
0.000228 2.120000 
0.000228 2.080000 
0.000229 2.080000 
0.000229 2.120000 
0.000230 2.160000 
0.000230 2.040000 
0.000230 2.120000 
0.000231 2.040000 
0.000231 2.120000 
0.000232 2.080000 
0.000232 2.120000 
0.000232 2.120000 
0.000233 2.160000 
0.000233 2.120000 
0.000234 2.080000 
0.000234 2.080000 
0.000234 2.080000 
0.000235 2.040000 
0.000235 2.120000 
0.000236 2.080000 
0.000236 2.080000 
0.000236 2.080000 
0.000237 2.080000 
0.000237 2.120000 
0.000238 2.120000 
0.000238 2.120000 
0.000238 2.160000 
0.000239 2.120000 
0.000239 2.120000 
0.000240 2.120000 
0.000240 2.120000 
0.000240 2.080000 
0.000241 2.120000 
0.000241 2.080000 
0.000242 2.120000 
0.000242 2.080000 
0.000242 2.080000 
0.000243 2.120000 
0.000243 2.080000 
0.000244 2.080000 
0.000244 2.120000 
0.000244 2.040000 
0.000245 2.120000 
0.000245 2.080000 
0.000246 2.120000 
0.000246 2.120000 
0.000246 2.120000 
0.000247 2.080000 
0.000247 2.040000 
0.000248 2.120000 
0.000248 2.120000 
0.000248 2.120000 
0.000249 2.080000 
0.000249 2.120000 
0.000250 2.160000 
0.000250 2.040000 
0.000250 2.080000 
0.000251 2.120000 
0.000251 2.120000 
0.000252 2.120000 
0.000252 2.080000 
0.000252 2.080000 
0.000253 2.080000 
0.000253 2.080000 
0.000254 2.120000 
0.000254 2.080000 
0.000254 2.120000 
0.000255 2.080000 
0.000255 2.120000 
0.000256 2.160000 
0.000256 2.080000 
0.000256 2.080000 
0.000257 2.120000 
0.000257 2.080000 
0.000258 2.040000 
0.000258 2.040000 
0.000258 2.080000 
0.000259 2.080000 
0.000259 2.040000 
0.000260 2.120000 
0.000260 2.080000 
0.000260 2.080000 
0.000261 2.080000 
0.000261 2.080000 
0.000262 2.000000 
0.000262 2.040000 
0.000262 2.080000 
0.000263 2.040000 
0.000263 2.080000 
0.000264 2.080000 
0.000264 2.040000 
0.000264 2.080000 
0.000265 2.120000 
0.000265 2.040000 
0.000266 2.080000 
0.000266 2.080000 
0.000266 2.080000 
0.000267 2.040000 
0.000267 2.120000 
0.000268 2.080000 
0.000268 2.040000 
0.000268 2.080000 
0.000269 2.080000 
0.000269 2.080000 
0.000270 2.040000 
0.000270 2.040000 
0.000270 2.080000 
0.000271 2.080000 
0.000271 2.120000 
0.000272 2.040000 
0.000272 2.040000 
0.000272 2.080000 
0.000273 2.080000 
0.000273 2.120000 
0.000274 2.040000 
0.000274 2.120000 
0.000274 2.040000 
0.000275 2.000000 
0.000275 2.080000 
0.000276 2.000000 
0.000276 2.040000 
0.000276 2.080000 
0.000277 2.000000 
0.000277 2.000000 
0.000278 2.040000 
0.000278 2.040000 
0.000278 2.040000 
0.000279 2.040000 
0.000279 2.080000 
0.000280 2.000000 
0.000280 2.040000 
0.000280 2.000000 
0.000281 2.000000 
0.000281 2.040000 
0.000282 2.040000 
0.000282 2.000000 
0.000282 2.080000 
0.000283 2.000000 
0.000283 2.000000 
0.000284 2.040000 
0.000284 2.040000 
0.000284 2.000000 
0.000285 2.040000 
0.000285 2.040000 
0.000286 2.000000 
0.000286 2.000000 
0.000286 1.960000 
0.000287 2.000000 
0.000287 2.000000 
0.000288 1.960000 
0.000288 2.040000 
0.000288 2.040000 
0.000289 2.040000 
0.000289 2.000000 
0.000290 2.000000 
0.000290 2.000000 
0.000290 1.960000 
0.000291 2.000000 
0.000291 2.000000 
0.000292 1.960000 
0.000292 1.960000 
0.000292 2.000000 
0.000293 1.960000 
0.000293 1.960000 
0.000294 2.000000 
0.000294 1.960000 
0.000294 2.000000 
0.000295 2.000000 
0.000295 1.960000 
0.000296 1.920000 
0.000296 1.920000 
0.000296 2.000000 
0.000297 1.960000 
0.000297 2.000000 
0.000298 1.960000 
0.000298 1.960000 
0.000298 1.920000 
0.000299 1.960000 
0.000299 1.920000 
0.000300 1.920000 
0.000300 1.960000 
0.000300 1.920000 
0.000301 1.920000 
0.000301 1.960000 
0.000302 1.920000 
0.000302 1.920000 
0.000302 1.960000 
0.000303 1.960000 
0.000303 1.920000 
0.000304 1.920000 
0.000304 1.920000 
0.000304 1.920000 
0.000305 1.960000 
0.000305 2.000000 
0.000306 1.880000 
0.000306 2.000000 
0.000306 1.920000 
0.000307 1.880000 
0.000307 1.920000 
0.000308 1.920000 
0.000308 1.880000 
0.000308 1.920000 
0.000309 1.920000 
0.000309 1.880000 
0.000310 1.920000 
0.000310 1.880000 
0.000310 1.960000 
0.000311 1.880000 
0.000311 1.840000 
0.000312 1.880000 
0.000312 1.880000 
0.000312 1.920000 
0.000313 1.920000 
0.000313 1.880000 
0.000314 1.920000 
0.000314 1.880000 
0.000314 1.880000 
0.000315 1.840000 
0.000315 1.840000 
0.000316 1.840000 
0.000316 1.880000 
0.000316 1.880000 
0.000317 1.880000 
0.000317 1.880000 
0.000318 1.880000 
0.000318 1.800000 
0.000318 1.840000 
0.000319 1.880000 
0.000319 1.880000 
0.000320 1.840000 
0.000320 1.800000 
0.000320 1.840000 
0.000321 1.880000 
0.000321 1.800000 
0.000322 1.800000 
0.000322 1.880000 
0.000322 1.800000 
0.000323 1.800000 
0.000323 1.880000 
0.000324 1.800000 
0.000324 1.800000 
0.000324 1.840000 
0.000325 1.800000 
0.000325 1.840000 
0.000326 1.800000 
0.000326 1.800000 
0.000326 1.840000 
0.000327 1.800000 
0.000327 1.800000 
0.000328 1.800000 
0.000328 1.800000 
0.000328 1.760000 
0.000329 1.800000 
0.000329 1.800000 
0.000330 1.760000 
0.000330 1.800000 
0.000330 1.840000 
0.000331 1.760000 
0.000331 1.720000 
0.000332 1.720000 
0.000332 1.760000 
0.000332 1.800000 
0.000333 1.760000 
0.000333 1.720000 
0.000334 1.760000 
0.000334 1.760000 
0.000334 1.720000 
0.000335 1.760000 
0.000335 1.720000 
0.000336 1.720000 
0.000336 1.760000 
0.000336 1.720000 
0.000337 1.720000 
0.000337 1.720000 
0.000338 1.760000 
0.000338 1.720000 
0.000338 1.760000 
0.000339 1.680000 
0.000339 1.720000 
0.000340 1.720000 
0.000340 1.720000 
0.000340 1.720000 
0.000341 1.680000 
0.000341 1.760000 
0.000342 1.680000 
0.000342 1.680000 
0.000342 1.680000 
0.000343 1.680000 
0.000343 1.720000 
0.000344 1.760000 
0.000344 1.680000 
0.000344 1.680000 
0.000345 1.640000 
0.000345 1.680000 
0.000346 1.640000 
0.000346 1.680000 
0.000346 1.680000 
0.000347 1.640000 
0.000347 1.680000 
0.000348 1.640000 
0.000348 1.640000 
0.000348 1.680000 
0.000349 1.640000 
0.000349 1.600000 
0.000350 1.640000 
0.000350 1.640000 
0.000350 1.600000 
0.000351 1.600000 
0.000351 1.600000 
0.000352 1.600000 
0.000352 1.600000 
0.000352 1.600000 
0.000353 1.640000 
0.000353 1.640000 
0.000354 1.600000 
0.000354 1.600000 
0.000354 1.560000 
0.000355 1.600000 
0.000355 1.560000 
0.000356 1.640000 
0.000356 1.600000 
0.000356 1.520000 
0.000357 1.520000 
0.000357 1.560000 
0.000358 1.600000 
0.000358 1.560000 
0.000358 1.560000 
0.000359 1.560000 
0.000359 1.560000 
0.000360 1.520000 
0.000360 1.520000 
0.000360 1.560000 
0.000361 1.560000 
0.000361 1.480000 
0.000362 1.520000 
0.000362 1.520000 
0.000362 1.560000 
0.000363 1.520000 
0.000363 1.560000 
0.000364 1.480000 
0.000364 1.440000 
0.000364 1.520000 
0.000365 1.480000 
0.000365 1.440000 
0.000366 1.440000 
0.000366 1.440000 
0.000366 1.480000 
0.000367 1.480000 
0.000367 1.480000 
0.000368 1.440000 
0.000368 1.440000 
0.000368 1.440000 
0.000369 1.440000 
0.000369 1.440000 
0.000370 1.480000 
0.000370 1.440000 
0.000370 1.400000 
0.000371 1.440000 
0.000371 1.440000 
0.000372 1.400000 
0.000372 1.440000 
0.000372 1.400000 
0.000373 1.440000 
0.000373 1.400000 
0.000374 1.360000 
0.000374 1.360000 
0.000374 1.440000 
0.000375 1.360000 
0.000375 1.440000 
0.000376 1.360000 
0.000376 1.400000 
0.000376 1.320000 
0.000377 1.360000 
0.000377 1.400000 
0.000378 1.360000 
0.000378 1.320000 
0.000378 1.360000 
0.000379 1.360000 
0.000379 1.360000 
0.000380 1.320000 
0.000380 1.320000 
0.000380 1.400000 
0.000381 1.320000 
0.000381 1.320000 
0.000382 1.360000 
0.000382 1.280000 
0.000382 1.320000 
0.000383 1.280000 
0.000383 1.320000 
0.000384 1.320000 
0.000384 1.280000 
0.000384 1.280000 
0.000385 1.360000 
0.000385 1.360000 
0.000386 1.280000 
0.000386 1.320000 
0.000386 1.280000 
0.000387 1.280000 
0.000387 1.320000 
0.000388 1.280000 
0.000388 1.240000 
0.000388 1.280000 
0.000389 1.280000 
0.000389 1.240000 
0.000390 1.240000 
0.000390 1.240000 
0.000390 1.240000 
0.000391 1.240000 
0.000391 1.240000 
0.000392 1.240000 
0.000392 1.200000 
0.000392 1.200000 
0.000393 1.200000 
0.000393 1.200000 
0.000394 1.200000 
0.000394 1.160000 
0.000394 1.200000 
0.000395 1.240000 
0.000395 1.160000 
0.000396 1.200000 
0.000396 1.200000 
0.000396 1.160000 
0.000397 1.240000 
0.000397 1.200000 
0.000398 1.160000 
0.000398 1.160000 
0.000398 1.160000 
0.000399 1.160000 
0.000399 1.120000 
0.000400 1.120000 
0.000400 1.160000 
0.000400 1.160000 
0.000401 1.120000 
0.000401 1.160000 
0.000402 1.080000 
0.000402 1.040000 
0.000402 1.120000 
0.000403 1.120000 
0.000403 1.080000 
0.000404 1.120000 
0.000404 1.120000 
0.000404 1.120000 
0.000405 1.080000 
0.000405 1.120000 
0.000406 1.080000 
0.000406 1.040000 
0.000406 1.080000 
0.000407 1.080000 
0.000407 1.040000 
0.000408 1.040000 
0.000408 1.040000 
0.000408 1.040000 
0.000409 1.040000 
0.000409 1.040000 
0.000410 1.040000 
0.000410 1.040000 
0.000410 1.040000 
0.000411 1.040000 
0.000411 1.040000 
0.000412 1.000000 
0.000412 0.960000 
0.000412 1.040000 
0.000413 1.000000 
0.000413 1.000000 
0.000414 1.000000 
0.000414 0.960000 
0.000414 1.000000 
0.000415 0.960000 
0.000415 1.000000 
0.000416 0.920000 
0.000416 0.960000 
0.000416 0.960000 
0.000417 0.960000 
0.000417 0.960000 
0.000418 0.920000 
0.000418 0.920000 
0.000418 0.920000 
0.000419 0.920000 
0.000419 0.920000 
0.000420 0.920000 
0.000420 0.960000 
0.000420 0.920000 
0.000421 0.880000 
0.000421 0.920000 
0.000422 0.880000 
0.000422 0.920000 
0.000422 0.880000 
0.000423 0.840000 
0.000423 0.920000 
0.000424 0.880000 
0.000424 0.840000 
0.000424 0.840000 
0.000425 0.840000 
0.000425 0.840000 
0.000426 0.800000 
0.000426 0.840000 
0.000426 0.880000 
0.000427 0.840000 
0.000427 0.880000 
0.000428 0.840000 
0.000428 0.800000 
0.000428 0.840000 
0.000429 0.800000 
0.000429 0.760000 
0.000430 0.760000 
0.000430 0.840000 
0.000430 0.760000 
0.000431 0.720000 
0.000431 0.800000 
0.000432 0.800000 
0.000432 0.760000 
0.000432 0.760000 
0.000433 0.760000 
0.000433 0.840000 
0.000434 0.720000 
0.000434 0.760000 
0.000434 0.720000 
0.000435 0.760000 
0.000435 0.680000 
0.000436 0.720000 
0.000436 0.720000 
0.000436 0.760000 
0.000437 0.720000 
0.000437 0.680000 
0.000438 0.680000 
0.000438 0.720000 
0.000438 0.640000 
0.000439 0.720000 
0.000439 0.720000 
0.000440 0.640000 
0.000440 0.680000 
0.000440 0.600000 
0.000441 0.680000 
0.000441 0.680000 
0.000442 0.640000 
0.000442 0.600000 
0.000442 0.640000 
0.000443 0.600000 
0.000443 0.640000 
0.000444 0.600000 
0.000444 0.600000 
0.000444 0.600000 
0.000445 0.600000 
0.000445 0.640000 
0.000446 0.600000 
0.000446 0.560000 
0.000446 0.560000 
0.000447 0.560000 
0.000447 0.560000 
0.000448 0.600000 
0.000448 0.560000 
0.000448 0.520000 
0.000449 0.600000 
0.000449 0.560000 
0.000450 0.520000 
0.000450 0.560000 
0.000450 0.520000 
0.000451 0.520000 
0.000451 0.480000 
0.000452 0.520000 
0.000452 0.520000 
0.000452 0.520000 
0.000453 0.520000 
0.000453 0.560000 
0.000454 0.560000 
0.000454 0.520000 
0.000454 0.480000 
0.000455 0.520000 
0.000455 0.440000 
0.000456 0.520000 
0.000456 0.480000 
0.000456 0.480000 
0.000457 0.480000 
0.000457 0.440000 
0.000458 0.400000 
0.000458 0.440000 
0.000458 0.440000 
0.000459 0.440000 
0.000459 0.400000 
0.000460 0.400000 
0.000460 0.360000 
0.000460 0.400000 
0.000461 0.400000 
0.000461 0.400000 
0.000462 0.360000 
0.000462 0.360000 
0.000462 0.320000 
0.000463 0.400000 
0.000463 0.360000 
0.000464 0.360000 
0.000464 0.360000 
0.000464 0.400000 
0.000465 0.360000 
0.000465 0.400000 
0.000466 0.360000 
0.000466 0.360000 
0.000466 0.320000 
0.000467 0.360000 
0.000467 0.360000 
0.000468 0.320000 
0.000468 0.360000 
0.000468 0.320000 
0.000469 0.320000 
0.000469 0.280000 
0.000470 0.320000 
0.000470 0.280000 
0.000470 0.320000 
0.000471 0.320000 
0.000471 0.280000 
0.000472 0.240000 
0.000472 0.240000 
0.000472 0.320000 
0.000473 0.280000 
0.000473 0.240000 
0.000474 0.200000 
0.000474 0.280000 
0.000474 0.240000 
0.000475 0.200000 
0.000475 0.240000 
0.000476 0.280000 
0.000476 0.240000 
0.000476 0.240000 
0.000477 0.200000 
0.000477 0.200000 
0.000478 0.160000 
0.000478 0.200000 
0.000478 0.160000 
0.000479 0.160000 
0.000479 0.200000 
0.000480 0.240000 
0.000480 0.200000 
0.000480 0.200000 
0.000481 0.080000 
0.000481 0.120000 
0.000482 0.160000 
0.000482 0.120000 
0.000482 0.120000 
0.000483 0.160000 
0.000483 0.160000 
0.000484 0.120000 
0.000484 0.120000 
0.000484 0.120000 
0.000485 0.120000 
0.000485 0.080000 
0.000486 0.080000 
0.000486 0.080000 
0.000486 0.080000 
0.000487 0.080000 
0.000487 0.080000 
0.000488 0.040000 
0.000488 0.080000 
0.000488 0.040000 
0.000489 0.040000 
0.000489 0.080000 
0.000490 0.080000 
0.000490 0.040000 
0.000490 0.040000 
0.000491 0.000000 
0.000491 0.000000 
0.000492 0.080000 
0.000492 0.000000 
0.000492 0.000000 
0.000493 0.000000 
0.000493 0.000000 
0.000494 0.000000 
0.000494 0.000000 
0.000494 0.000000 
0.000495 0.040000 
0.000495 0.000000 
0.000496 0.000000 
0.000496 0.040000 
0.000496 -0.040000 
0.000497 -0.040000 
0.000497 0.000000 
0.000498 -0.080000 
0.000498 -0.040000 
0.000498 -0.040000 
0.000499 0.000000 
0.000499 -0.040000 
0.000500 -0.040000 
0.000500 -0.040000 
0.000500 -0.120000 
0.000501 -0.080000 
0.000501 -0.040000 
0.000502 -0.040000 
0.000502 -0.040000 
0.000502 -0.080000 
0.000503 -0.120000 
0.000503 -0.120000 
0.000504 -0.080000 
0.000504 -0.120000 
0.000504 -0.080000 
0.000505 -0.120000 
0.000505 -0.080000 
0.000506 -0.120000 
0.000506 -0.120000 
0.000506 -0.120000 
0.000507 -0.160000 
0.000507 -0.120000 
0.000508 -0.080000 
0.000508 -0.200000 
0.000508 -0.160000 
0.000509 -0.160000 
0.000509 -0.160000 
0.000510 -0.200000 
0.000510 -0.160000 
0.000510 -0.200000 
0.000511 -0.200000 
0.000511 -0.160000 
0.000512 -0.200000 
0.000512 -0.160000 
0.000512 -0.240000 
0.000513 -0.240000 
0.000513 -0.240000 
0.000514 -0.240000 
0.000514 -0.160000 
0.000514 -0.240000 
0.000515 -0.240000 
0.000515 -0.280000 
0.000516 -0.240000 
0.000516 -0.240000 
0.000516 -0.240000 
0.000517 -0.200000 
0.000517 -0.280000 
0.000518 -0.280000 
0.000518 -0.280000 
0.000518 -0.240000 
0.000519 -0.240000 
0.000519 -0.280000 
0.000520 -0.280000 
0.000520 -0.280000 
0.000520 -0.280000 
0.000521 -0.360000 
0.000521 -0.320000 
0.000522 -0.280000 
0.000522 -0.320000 
0.000522 -0.360000 
0.000523 -0.360000 
0.000523 -0.320000 
0.000524 -0.360000 
0.000524 -0.320000 
0.000524 -0.360000 
0.000525 -0.360000 
0.000525 -0.320000 
0.000526 -0.360000 
0.000526 -0.360000 
0.000526 -0.400000 
0.000527 -0.400000 
0.000527 -0.400000 
0.000528 -0.360000 
0.000528 -0.400000 
0.000528 -0.400000 
0.000529 -0.400000 
0.000529 -0.400000 
0.000530 -0.400000 
0.000530 -0.440000 
0.000530 -0.480000 
0.000531 -0.400000 
0.000531 -0.480000 
0.000532 -0.480000 
0.000532 -0.400000 
0.000532 -0.440000 
0.000533 -0.440000 
0.000533 -0.480000 
0.000534 -0.440000 
0.000534 -0.480000 
0.000534 -0.400000 
0.000535 -0.560000 
0.000535 -0.440000 
0.000536 -0.480000 
0.000536 -0.560000 
0.000536 -0.520000 
0.000537 -0.480000 
0.000537 -0.480000 
0.000538 -0.520000 
0.000538 -0.520000 
0.000538 -0.520000 
0.000539 -0.560000 
0.000539 -0.560000 
0.000540 -0.520000 
0.000540 -0.520000 
0.000540 -0.520000 
0.000541 -0.520000 
0.000541 -0.560000 
0.000542 -0.520000 
0.000542 -0.560000 
0.000542 -0.600000 
0.000543 -0.560000 
0.000543 -0.600000 
0.000544 -0.600000 
0.000544 -0.600000 
0.000544 -0.560000 
0.000545 -0.560000 
0.000545 -0.640000 
0.000546 -0.600000 
0.000546 -0.600000 
0.000546 -0.600000 
0.000547 -0.640000 
0.000547 -0.640000 
0.000548 -0.680000 
0.000548 -0.640000 
0.000548 -0.640000 
0.000549 -0.640000 
0.000549 -0.600000 
0.000550 -0.640000 
0.000550 -0.640000 
0.000550 -0.640000 
0.000551 -0.640000 
0.000551 -0.680000 
0.000552 -0.640000 
0.000552 -0.680000 
0.000552 -0.720000 
0.000553 -0.720000 
0.000553 -0.680000 
0.000554 -0.680000 
0.000554 -0.720000 
0.000554 -0.720000 
0.000555 -0.680000 
0.000555 -0.640000 
0.000556 -0.760000 
0.000556 -0.720000 
0.000556 -0.680000 
0.000557 -0.720000 
0.000557 -0.760000 
0.000558 -0.760000 
0.000558 -0.720000 
0.000558 -0.760000 
0.000559 -0.760000 
0.000559 -0.800000 
0.000560 -0.800000 
0.000560 -0.840000 
0.000560 -0.760000 
0.000561 -0.760000 
0.000561 -0.760000 
0.000562 -0.760000 
0.000562 -0.800000 
0.000562 -0.760000 
0.000563 -0.800000 
0.000563 -0.840000 
0.000564 -0.840000 
0.000564 -0.760000 
0.000564 -0.800000 
0.000565 -0.800000 
0.000565 -0.840000 
0.000566 -0.840000 
0.000566 -0.880000 
0.000566 -0.840000 
0.000567 -0.840000 
0.000567 -0.840000 
0.000568 -0.920000 
0.000568 -0.880000 
0.000568 -0.920000 
0.000569 -0.880000 
0.000569 -0.880000 
0.000570 -0.880000 
0.000570 -0.880000 
0.000570 -0.880000 
0.000571 -0.920000 
0.000571 -0.880000 
0.000572 -0.920000 
0.000572 -0.880000 
0.000572 -0.840000 
0.000573 -0.920000 
0.000573 -0.920000 
0.000574 -0.880000 
0.000574 -0.920000 
0.000574 -0.960000 
0.000575 -0.920000 
0.000575 -0.960000 
0.000576 -0.960000 
0.000576 -0.920000 
0.000576 -0.960000 
0.000577 -1.000000 
0.000577 -0.920000 
0.000578 -1.040000 
0.000578 -0.960000 
0.000578 -1.000000 
0.000579 -0.960000 
0.000579 -1.000000 
0.000580 -1.040000 
0.000580 -0.960000 
0.000580 -1.000000 
0.000581 -1.000000 
0.000581 -1.040000 
0.000582 -1.040000 
0.000582 -1.000000 
0.000582 -1.040000 
0.000583 -1.080000 
0.000583 -1.040000 
0.000584 -1.040000 
0.000584 -1.080000 
0.000584 -1.080000 
0.000585 -1.000000 
0.000585 -1.080000 
0.000586 -1.120000 
0.000586 -1.080000 
0.000586 -1.040000 
0.000587 -1.080000 
0.000587 -1.040000 
0.000588 -1.080000 
0.000588 -1.080000 
0.000588 -1.040000 
0.000589 -1.120000 
0.000589 -1.040000 
0.000590 -1.040000 
0.000590 -1.120000 
0.000590 -1.120000 
0.000591 -1.080000 
0.000591 -1.160000 
0.000592 -1.120000 
0.000592 -1.160000 
0.000592 -1.160000 
0.000593 -1.120000 
0.000593 -1.160000 
0.000594 -1.160000 
0.000594 -1.160000 
0.000594 -1.200000 
0.000595 -1.160000 
0.000595 -1.160000 
0.000596 -1.160000 
0.000596 -1.160000 
0.000596 -1.160000 
0.000597 -1.200000 
0.000597 -1.240000 
0.000598 -1.200000 
0.000598 -1.200000 
0.000598 -1.200000 
0.000599 -1.240000 
0.000599 -1.160000 
0.000600 -1.240000 
0.000600 -1.200000 
0.000600 -1.200000 
0.000601 -1.200000 
0.000601 -1.240000 
0.000602 -1.240000 
0.000602 -1.200000 
0.000602 -1.240000 
0.000603 -1.240000 
0.000603 -1.280000 
0.000604 -1.280000 
0.000604 -1.280000 
0.000604 -1.240000 
0.000605 -1.200000 
0.000605 -1.240000 
0.000606 -1.280000 
0.000606 -1.240000 
0.000606 -1.280000 
0.000607 -1.280000 
0.000607 -1.280000 
0.000608 -1.240000 
0.000608 -1.280000 
0.000608 -1.280000 
0.000609 -1.320000 
0.000609 -1.320000 
0.000610 -1.280000 
0.000610 -1.320000 
0.000610 -1.360000 
0.000611 -1.280000 
0.000611 -1.320000 
0.000612 -1.280000 
0.000612 -1.280000 
0.000612 -1.280000 
0.000613 -1.320000 
0.000613 -1.320000 
0.000614 -1.360000 
0.000614 -1.280000 
0.000614 -1.320000 
0.000615 -1.360000 
0.000615 -1.320000 
0.000616 -1.360000 
0.000616 -1.320000 
0.000616 -1.320000 
0.000617 -1.320000 
0.000617 -1.360000 
0.000618 -1.360000 
0.000618 -1.360000 
0.000618 -1.360000 
0.000619 -1.400000 
0.000619 -1.360000 
0.000620 -1.440000 
0.000620 -1.400000 
0.000620 -1.360000 
0.000621 -1.400000 
0.000621 -1.400000 
0.000622 -1.400000 
0.000622 -1.400000 
0.000622 -1.360000 
0.000623 -1.440000 
0.000623 -1.400000 
0.000624 -1.440000 
0.000624 -1.440000 
0.000624 -1.400000 
0.000625 -1.400000 
0.000625 -1.440000 
0.000626 -1.400000 
0.000626 -1.440000 
0.000626 -1.400000 
0.000627 -1.400000 
0.000627 -1.440000 
0.000628 -1.400000 
0.000628 -1.480000 
0.000628 -1.480000 
0.000629 -1.440000 
0.000629 -1.520000 
0.000630 -1.400000 
0.000630 -1.480000 
0.000630 -1.520000 
0.000631 -1.480000 
0.000631 -1.520000 
0.000632 -1.480000 
0.000632 -1.480000 
0.000632 -1.480000 
0.000633 -1.520000 
0.000633 -1.440000 
0.000634 -1.480000 
0.000634 -1.520000 
0.000634 -1.520000 
0.000635 -1.520000 
0.000635 -1.480000 
0.000636 -1.520000 
0.000636 -1.600000 
0.000636 -1.560000 
0.000637 -1.560000 
0.000637 -1.520000 
0.000638 -1.480000 
0.000638 -1.520000 
0.000638 -1.520000 
0.000639 -1.520000 
0.000639 -1.520000 
0.000640 -1.560000 
0.000640 -1.560000 
0.000640 -1.560000 
0.000641 -1.560000 
0.000641 -1.520000 
0.000642 -1.520000 
0.000642 -1.560000 
0.000642 -1.560000 
0.000643 -1.560000 
0.000643 -1.560000 
0.000644 -1.560000 
0.000644 -1.560000 
0.000644 -1.560000 
0.000645 -1.560000 
0.000645 -1.560000 
0.000646 -1.560000 
0.000646 -1.560000 
0.000646 -1.600000 
0.000647 -1.600000 
0.000647 -1.600000 
0.000648 -1.640000 
0.000648 -1.600000 
0.000648 -1.600000 
0.000649 -1.600000 
0.000649 -1.600000 
0.000650 -1.600000 
0.000650 -1.600000 
0.000650 -1.600000 
0.000651 -1.600000 
0.000651 -1.600000 
0.000652 -1.640000 
0.000652 -1.640000 
0.000652 -1.680000 
0.000653 -1.600000 
0.000653 -1.600000 
0.000654 -1.600000 
0.000654 -1.600000 
0.000654 -1.640000 
0.000655 -1.640000 
0.000655 -1.640000 
0.000656 -1.640000 
0.000656 -1.640000 
0.000656 -1.720000 
0.000657 -1.640000 
0.000657 -1.640000 
0.000658 -1.680000 
0.000658 -1.640000 
0.000658 -1.680000 
0.000659 -1.680000 
0.000659 -1.720000 
0.000660 -1.720000 
0.000660 -1.680000 
0.000660 -1.720000 
0.000661 -1.720000 
0.000661 -1.640000 
0.000662 -1.680000 
0.000662 -1.720000 
0.000662 -1.720000 
0.000663 -1.720000 
0.000663 -1.680000 
0.000664 -1.760000 
0.000664 -1.680000 
0.000664 -1.640000 
0.000665 -1.720000 
0.000665 -1.680000 
0.000666 -1.720000 
0.000666 -1.720000 
0.000666 -1.720000 
0.000667 -1.760000 
0.000667 -1.760000 
0.000668 -1.680000 
0.000668 -1.760000 
0.000668 -1.760000 
0.000669 -1.720000 
0.000669 -1.720000 
0.000670 -1.760000 
0.000670 -1.760000 
0.000670 -1.760000 
0.000671 -1.680000 
0.000671 -1.800000 
0.000672 -1.720000 
0.000672 -1.760000 
0.000672 -1.760000 
0.000673 -1.800000 
0.000673 -1.760000 
0.000674 -1.720000 
0.000674 -1.760000 
0.000674 -1.760000 
0.000675 -1.760000 
0.000675 -1.800000 
0.000676 -1.760000 
0.000676 -1.760000 
0.000676 -1.800000 
0.000677 -1.760000 
0.000677 -1.800000 
0.000678 -1.720000 
0.000678 -1.760000 
0.000678 -1.840000 
0.000679 -1.800000 
0.000679 -1.720000 
0.000680 -1.840000 
0.000680 -1.800000 
0.000680 -1.800000 
0.000681 -1.760000 
0.000681 -1.840000 
0.000682 -1.800000 
0.000682 -1.800000 
0.000682 -1.760000 
0.000683 -1.800000 
0.000683 -1.800000 
0.000684 -1.800000 
0.000684 -1.800000 
0.000684 -1.800000 
0.000685 -1.800000 
0.000685 -1.840000 
0.000686 -1.760000 
0.000686 -1.840000 
0.000686 -1.800000 
0.000687 -1.800000 
0.000687 -1.840000 
0.000688 -1.840000 
0.000688 -1.800000 
0.000688 -1.840000 
0.000689 -1.840000 
0.000689 -1.800000 
0.000690 -1.840000 
0.000690 -1.800000 
0.000690 -1.840000 
0.000691 -1.840000 
0.000691 -1.800000 
0.000692 -1.840000 
0.000692 -1.840000 
0.000692 -1.840000 
0.000693 -1.840000 
0.000693 -1.800000 
0.000694 -1.800000 
0.000694 -1.840000 
0.000694 -1.880000 
0.000695 -1.840000 
0.000695 -1.840000 
0.000696 -1.800000 
0.000696 -1.840000 
0.000696 -1.880000 
0.000697 -1.880000 
0.000697 -1.840000 
0.000698 -1.880000 
0.000698 -1.880000 
0.000698 -1.840000 
0.000699 -1.840000 
0.000699 -1.800000 
0.000700 -1.840000 
0.000700 -1.840000 
0.000700 -1.840000 
0.000701 -1.840000 
0.000701 -1.920000 
0.000702 -1.840000 
0.000702 -1.880000 
0.000702 -1.880000 
0.000703 -1.880000 
0.000703 -1.880000 
0.000704 -1.880000 
0.000704 -1.920000 
0.000704 -1.880000 
0.000705 -1.880000 
0.000705 -1.840000 
0.000706 -1.880000 
0.000706 -1.880000 
0.000706 -1.880000 
0.000707 -1.880000 
0.000707 -1.840000 
0.000708 -1.880000 
0.000708 -1.880000 
0.000708 -1.920000 
0.000709 -1.880000 
0.000709 -1.880000 
0.000710 -1.840000 
0.000710 -1.920000 
0.000710 -1.920000 
0.000711 -1.880000 
0.000711 -1.880000 
0.000712 -1.920000 
0.000712 -1.880000 
0.000712 -1.880000 
0.000713 -1.840000 
0.000713 -1.880000 
0.000714 -1.880000 
0.000714 -1.920000 
0.000714 -1.920000 
0.000715 -1.880000 
0.000715 -1.920000 
0.000716 -1.920000 
0.000716 -1.880000 
0.000716 -1.920000 
0.000717 -1.920000 
0.000717 -1.840000 
0.000718 -1.920000 
0.000718 -1.880000 
0.000718 -1.920000 
0.000719 -1.920000 
0.000719 -1.920000 
0.000720 -1.920000 
0.000720 -1.920000 
0.000720 -1.920000 
0.000721 -1.960000 
0.000721 -1.920000 
0.000722 -1.920000 
0.000722 -1.920000 
0.000722 -1.920000 
0.000723 -1.920000 
0.000723 -1.920000 
0.000724 -1.880000 
0.000724 -1.920000 
0.000724 -1.880000 
0.000725 -1.880000 
0.000725 -1.840000 
0.000726 -1.960000 
0.000726 -1.920000 
0.000726 -1.920000 
0.000727 -1.960000 
0.000727 -1.920000 
0.000728 -1.920000 
0.000728 -1.960000 
0.000728 -1.920000 
0.000729 -1.960000 
0.000729 -1.920000 
0.000730 -1.920000 
0.000730 -1.920000 
0.000730 -1.920000 
0.000731 -1.920000 
0.000731 -1.920000 
0.000732 -1.880000 
0.000732 -1.960000 
0.000732 -2.000000 
0.000733 -1.920000 
0.000733 -1.960000 
0.000734 -1.880000 
0.000734 -1.920000 
0.000734 -1.960000 
0.000735 -1.960000 
0.000735 -1.920000 
0.000736 -1.880000 
0.000736 -1.920000 
0.000736 -1.920000 
0.000737 -1.840000 
0.000737 -1.920000 
0.000738 -1.920000 
0.000738 -1.920000 
0.000738 -1.880000 
0.000739 -1.960000 
0.000739 -1.960000 
0.000740 -1.880000 
0.000740 -1.960000 
0.000740 -1.920000 
0.000741 -1.880000 
0.000741 -1.920000 
0.000742 -1.920000 
0.000742 -1.960000 
0.000742 -1.920000 
0.000743 -1.920000 
0.000743 -1.920000 
0.000744 -1.920000 
0.000744 -1.920000 
0.000744 -1.920000 
0.000745 -1.960000 
0.000745 -1.920000 
0.000746 -1.920000 
0.000746 -1.920000 
0.000746 -1.960000 
0.000747 -1.920000 
0.000747 -1.920000 
0.000748 -1.960000 
0.000748 -1.920000 
0.000748 -1.960000 
0.000749 -1.920000 
0.000749 -1.960000 
0.000750 -1.920000 
0.000750 -1.920000 
0.000750 -1.920000 
0.000751 -1.920000 
0.000751 -1.920000 
0.000752 -1.880000 
0.000752 -1.920000 
0.000752 -1.960000 
0.000753 -1.920000 
0.000753 -1.960000 
0.000754 -1.920000 
0.000754 -1.880000 
0.000754 -1.920000 
0.000755 -1.840000 
0.000755 -1.920000 
0.000756 -1.920000 
0.000756 -1.960000 
0.000756 -1.920000 
0.000757 -1.880000 
0.000757 -1.880000 
0.000758 -1.960000 
0.000758 -1.880000 
0.000758 -1.920000 
0.000759 -1.920000 
0.000759 -1.920000 
0.000760 -1.920000 
0.000760 -1.880000 
0.000760 -1.880000 
0.000761 -1.920000 
0.000761 -1.880000 
0.000762 -1.920000 
0.000762 -1.880000 
0.000762 -1.920000 
0.000763 -1.920000 
0.000763 -1.880000 
0.000764 -1.840000 
0.000764 -1.920000 
0.000764 -1.920000 
0.000765 -1.920000 
0.000765 -1.880000 
0.000766 -1.920000 
0.000766 -1.880000 
0.000766 -1.840000 
0.000767 -1.880000 
0.000767 -1.880000 
0.000768 -1.880000 
0.000768 -1.920000 
0.000768 -1.920000 
0.000769 -1.880000 
0.000769 -1.960000 
0.000770 -1.960000 
0.000770 -1.880000 
0.000770 -1.920000 
0.000771 -1.880000 
0.000771 -1.880000 
0.000772 -1.840000 
0.000772 -1.880000 
0.000772 -1.840000 
0.000773 -1.920000 
0.000773 -1.880000 
0.000774 -1.840000 
0.000774 -1.840000 
0.000774 -1.800000 
0.000775 -1.880000 
0.000775 -1.840000 
0.000776 -1.920000 
0.000776 -1.840000 
0.000776 -1.840000 
0.000777 -1.840000 
0.000777 -1.880000 
0.000778 -1.880000 
0.000778 -1.840000 
0.000778 -1.880000 
0.000779 -1.840000 
0.000779 -1.840000 
0.000780 -1.840000 
0.000780 -1.840000 
0.000780 -1.840000 
